1	291
2	281
3	272
4	264
5	260
6	256
7	255
8	246
9	470
10	673
11	842
12	970
13	1042
14	1079
15	1115
16	1115
17	1106
18	1186
19	1307
20	1428
21	1551
22	1651
23	1694
24	1743
25	1733
26	1676
27	1683
28	1643
29	1669
30	1674
31	1702
32	1738
33	1738
34	1697
35	1744
36	1706
37	1713
38	1750
39	1741
40	1732
41	1704
42	1707
43	1745
44	1769
45	1739
46	1705
47	1736
48	1745
49	1715
50	1694
51	1699
52	1700
53	1676
54	1648
55	1647
56	1674
57	1689
58	1703
59	1735
60	1643
61	1628
62	1636
63	1650
64	1620
65	1638
66	1658
67	1690
68	1668
69	1670
70	1665
71	1651
72	1639
73	1660
74	1634
75	1626
76	1635
77	1656
78	1687
79	1667
80	1657
81	1671
82	1638
83	1633
84	1635
85	1604
86	1603
87	1633
88	1610
89	1572
90	1572
91	1600
92	1589
93	1633
94	1652
95	1632
96	1641
97	1626
98	1604
99	1562
100	1530
101	1533
102	1502
103	1535
104	1549
105	1561
106	1589
107	1581
108	1566
109	1589
110	1551
111	1546
112	1543
113	1579
114	1594
115	1608
116	1596
117	1550
118	1558
119	1550
120	1537
121	1559
122	1542
123	1553
124	1582
125	1601
126	1606
127	1607
128	1582
129	1547
130	1526
131	1530
132	1533
133	1502
134	1527
135	1581
136	1564
137	1579
138	1571
139	1587
140	1588
141	1563
142	1552
143	1579
144	1551
145	1536
146	1553
147	1553
148	1529
149	1561
150	1574
151	1580
152	1574
153	1540
154	1482
155	1485
156	1490
157	1493
158	1518
159	1533
160	1548
161	1536
162	1480
163	1464
164	1444
165	1490
166	1456
167	1438
168	1450
169	1483
170	1494
171	1502
172	1453
173	1460
174	1496
175	1538
176	1540
177	1510
178	1478
179	1503
180	1496
181	1527
182	1523
183	1542
184	1571
185	1551
186	1537
187	1532
188	1562
189	1555
190	1505
191	1473
192	1471
193	1439
194	1439
195	1483
196	1535
197	1579
198	1601
199	1585
200	1565
201	1568
202	1535
203	1545
204	1498
205	1500
206	1508
207	1541
208	1534
209	1530
210	1535
211	1490
212	1483
213	1499
214	1487
215	1443
216	1457
217	1457
218	1488
219	1498
220	1491
221	1477
222	1491
223	1511
224	1522
225	1533
226	1529
227	1534
228	1522
229	1499
230	1520
231	1532
232	1537
233	1516
234	1534
235	1541
236	1530
237	1537
238	1521
239	1506
240	1480
241	1447
242	1432
243	1464
244	1467
245	1462
246	1499
247	1489
248	1479
249	1470
250	1483
251	1493
252	1467
253	1432
254	1422
255	1456
256	1456
257	1454
258	1449
259	1475
260	1519
261	1548
262	1569
263	1551
264	1537
265	1516
266	1519
267	1526
268	1500
269	1500
270	1518
271	1533
272	1524
273	1491
274	1485
275	1479
276	1455
277	1452
278	1465
279	1459
280	1471
281	1465
282	1446
283	1418
284	1441
285	1452
286	1444
287	1468
288	1468
289	1487
290	1485
291	1510
292	1532
293	1521
294	1498
295	1514
296	1482
297	1466
298	1474
299	1505
300	1502
301	1512
302	1508
303	1501
304	1536
305	1531
306	1495
307	1479
308	1470
309	1416
310	1434
311	1412
312	1372
313	1381
314	1401
315	1426
316	1468
317	1472
318	1488
319	1464
320	1474
321	1454
322	1450
323	1461
324	1462
325	1436
326	1457
327	1469
328	1460
329	1450
330	1443
331	1429
332	1474
333	1489
334	1508
335	1501
336	1503
337	1495
338	1505
339	1485
340	1486
341	1495
342	1490
343	1501
344	1506
345	1504
346	1525
347	1529
348	1506
349	1498
350	1498
351	1493
352	1506
353	1514
354	1473
355	1484
356	1479
357	1505
358	1522
359	1515
360	1516
361	1488
362	1485
363	1491
364	1507
365	1562
366	1539
367	1511
368	1512
369	1496
370	1481
371	1447
372	1433
373	1417
374	1419
375	1422
376	1452
377	1458
378	1464
379	1465
380	1498
381	1501
382	1509
383	1500
384	1476
385	1465
386	1478
387	1481
388	1491
389	1502
390	1458
391	1466
392	1502
393	1505
394	1506
395	1512
396	1521
397	1542
398	1531
399	1514
400	1482
401	1442
402	1488
403	1477
404	1504
405	1536
406	1523
407	1516
408	1492
409	1461
410	1431
411	1428
412	1460
413	1481
414	1492
415	1463
416	1465
417	1486
418	1495
419	1496
420	1512
421	1494
422	1492
423	1461
424	1452
425	1409
426	1393
427	1420
428	1439
429	1451
430	1463
431	1484
432	1488
433	1502
434	1459
435	1444
436	1400
437	1407
438	1456
439	1446
440	1488
441	1493
442	1487
443	1463
444	1440
445	1437
446	1435
447	1434
448	1438
449	1509
450	1503
451	1528
452	1522
453	1511
454	1496
455	1507
456	1454
457	1460
458	1466
459	1463
460	1466
461	1473
462	1448
463	1437
464	1449
465	1475
466	1491
467	1507
468	1501
469	1516
470	1522
471	1493
472	1496
473	1478
474	1478
475	1469
476	1474
477	1513
478	1546
479	1558
480	1524
481	1538
482	1505
483	1494
484	1469
485	1453
486	1447
487	1416
488	1444
489	1426
490	1401
491	1455
492	1427
493	1428
494	1451
495	1456
496	1473
497	1457
498	1486
499	1497
500	1478
501	1483
502	1469
503	1476
504	1470
505	1462
506	1458
507	1444
508	1489
509	1434
510	1417
511	1416
512	1394
513	1401
514	1402
515	1429
516	1427
517	1434
518	1451
519	1420
520	1466
521	1473
522	1484
523	1431
524	1418
525	1373
526	1384
527	1401
528	1425
529	1445
530	1428
531	1472
532	1476
533	1437
534	1437
535	1410
536	1392
537	1396
538	1420
539	1449
540	1472
541	1458
542	1430
543	1447
544	1449
545	1434
546	1425
547	1433
548	1434
549	1450
550	1447
551	1472
552	1473
553	1432
554	1426
555	1395
556	1422
557	1414
558	1433
559	1456
560	1465
561	1480
562	1443
563	1429
564	1409
565	1424
566	1418
567	1433
568	1452
569	1456
570	1442
571	1441
572	1443
573	1435
574	1401
575	1397
576	1408
577	1393
578	1412
579	1435
580	1474
581	1477
582	1465
583	1431
584	1433
585	1390
586	1382
587	1404
588	1426
589	1457
590	1464
591	1497
592	1471
593	1420
594	1455
595	1428
596	1406
597	1437
598	1459
599	1484
600	1507
601	1504
602	1431
603	1380
604	1306
605	1271
606	1234
607	1194
608	1182
609	1180
610	1171
611	1176
612	1164
613	1176
614	1166
615	1173
616	1164
617	1167
618	1145
619	1123
620	1112
621	1120
622	1128
623	1120
624	1130
625	1120
626	1122
627	1132
628	1132
629	1166
630	1156
631	1147
632	1123
633	1099
634	1115
635	1110
636	1130
637	1109
638	1099
639	1104
640	1140
641	1151
642	1156
643	1167
644	1167
645	1159
646	1141
647	1139
648	1108
649	1086
650	1091
651	1100
652	1090
653	1081
654	1085
655	1087
656	1090
657	1076
658	1075
659	1074
660	1106
661	1122
662	1111
663	1122
664	1135
665	1157
666	1177
667	1184
668	1169
669	1141
670	1157
671	1151
672	1121
673	1093
674	1086
675	1090
676	1084
677	1106
678	1083
679	1067
680	1082
681	1121
682	1142
683	1144
684	1129
685	1106
686	1084
687	1079
688	1060
689	1049
690	1065
691	1083
692	1099
693	1115
694	1137
695	1137
696	1125
697	1096
698	1102
699	1076
700	1084
701	1081
702	1090
703	1114
704	1106
705	1125
706	1107
707	1117
708	1122
709	1130
710	1121
711	1129
712	1125
713	1112
714	1117
715	1128
716	1103
717	1085
718	1065
719	1053
720	1036
721	1041
722	1035
723	1027
724	1031
725	1028
726	1015
727	1006
728	1038
729	1051
730	1066
731	1091
732	1109
733	1116
734	1119
735	1111
736	1094
737	1070
738	1049
739	1045
740	1038
741	1036
742	1055
743	1080
744	1091
745	1112
746	1089
747	1055
748	1044
749	1010
750	998
751	1029
752	1040
753	1048
754	1070
755	1081
756	1084
757	1070
758	1065
759	1051
760	1064
761	1052
762	1052
763	1054
764	1058
765	1026
766	1018
767	1038
768	1054
769	1077
770	1063
771	1059
772	1072
773	1072
774	1058
775	1042
776	1044
777	1087
778	1074
779	1052
780	1036
781	1038
782	1037
783	1046
784	1026
785	1041
786	1061
787	1062
788	1057
789	1069
790	1079
791	1058
792	1035
793	1038
794	1063
795	1059
796	1041
797	1024
798	1006
799	1006
800	1007
801	1015
802	1025
803	1038
804	1051
805	1094
806	1097
807	1091
808	1070
809	1075
810	1058
811	1044
812	1036
813	1036
814	1080
815	1128
816	1140
817	1146
818	1147
819	1113
820	1094
821	1051
822	1022
823	1016
824	1031
825	1022
826	1038
827	1080
828	1106
829	1118
830	1112
831	1101
832	1126
833	1121
834	1130
835	1115
836	1119
837	1114
838	1094
839	1110
840	1115
841	1135
842	1140
843	1113
844	1104
845	1122
846	1134
847	1125
848	1118
849	1132
850	1132
851	1133
852	1097
853	1084
854	1070
855	1049
856	1031
857	1038
858	1063
859	1060
860	1082
861	1124
862	1102
863	1090
864	1101
865	1074
866	1068
867	1064
868	1057
869	1059
870	1046
871	1037
872	1040
873	1049
874	1050
875	1055
876	1058
877	1086
878	1066
879	1071
880	1082
881	1092
882	1100
883	1112
884	1101
885	1103
886	1119
887	1127
888	1120
889	1129
890	1116
891	1106
892	1100
893	1102
894	1096
895	1102
896	1090
897	1065
898	1076
899	1086
900	1083
901	1096
902	1107
903	1092
904	1071
905	1097
906	1102
907	1106
908	1096
909	1101
910	1090
911	1065
912	1070
913	1056
914	1051
915	1074
916	1070
917	1098
918	1122
919	1115
920	1129
921	1145
922	1118
923	1112
924	1098
925	1083
926	1108
927	1114
928	1121
929	1118
930	1121
931	1109
932	1106
933	1105
934	1095
935	1078
936	1097
937	1095
938	1055
939	1044
940	1038
941	1030
942	1043
943	1019
944	1017
945	1028
946	1060
947	1036
948	1015
949	1019
950	1004
951	999
952	999
953	1003
954	1025
955	1030
956	1019
957	1002
958	1010
959	1012
960	1026
961	1026
962	1028
963	1057
964	1082
965	1085
966	1110
967	1099
968	1090
969	1096
970	1098
971	1098
972	1073
973	1078
974	1076
975	1090
976	1112
977	1099
978	1098
979	1074
980	1070
981	1081
982	1082
983	1058
984	1060
985	1068
986	1089
987	1062
988	1091
989	1057
990	1077
991	1089
992	1079
993	1071
994	1077
995	1094
996	1120
997	1140
998	1132
999	1132
1000	1134
1001	1141
1002	644
1003	388
1004	236
1005	151
1006	101
1007	73
1008	47
1009	23
1010	17
1011	16
1012	12
1013	9
1014	5
1015	3
1016	0
1017	0
1018	0
1019	0
1020	0
1021	0
1022	0
1023	0
1024	0
1025	0
1026	0
1027	0
1028	0
1029	0
1030	0
1031	0
1032	0
1033	0
1034	0
1035	0
1036	0
1037	0
1038	0
1039	0
1040	0
1041	0
1042	0
1043	0
1044	0
1045	0
1046	0
1047	0
1048	0
1049	0
1050	0
1051	0
1052	0
1053	0
1054	0
1055	0
1056	0
1057	0
1058	0
1059	0
1060	0
1061	0
1062	0
1063	0
1064	0
1065	0
1066	0
1067	0
1068	0
1069	0
1070	0
1071	0
1072	0
1073	0
1074	0
1075	0
1076	0
1077	0
1078	0
1079	0
1080	0
1081	0
1082	0
1083	0
1084	0
1085	0
1086	0
1087	0
1088	0
1089	0
1090	0
1091	0
1092	0
1093	0
1094	0
1095	0
1096	0
1097	0
1098	0
1099	0
1100	0
1101	0
1102	0
1103	0
1104	0
1105	0
1106	0
1107	0
1108	0
1109	0
1110	0
1111	0
1112	0
1113	0
1114	0
1115	0
1116	0
1117	0
1118	0
1119	0
1120	0
1121	0
1122	0
1123	0
1124	0
1125	0
1126	0
1127	0
1128	0
1129	0
1130	0
1131	0
1132	0
1133	0
1134	0
1135	0
1136	0
1137	0
1138	0
1139	0
1140	0
1141	0
1142	0
1143	0
1144	0
1145	0
1146	0
1147	0
1148	0
1149	0
1150	0
1151	0
1152	0
1153	0
1154	0
1155	0
1156	0
1157	0
1158	0
1159	0
1160	0
1161	0
1162	0
1163	0
1164	0
1165	0
1166	0
1167	0
1168	0
1169	0
1170	0
1171	0
1172	0
1173	0
1174	0
1175	0
1176	0
1177	0
1178	0
1179	0
1180	0
1181	0
1182	0
1183	0
1184	0
1185	0
1186	0
1187	0
1188	0
1189	0
1190	0
1191	0
1192	0
1193	0
1194	0
1195	0
1196	0
1197	0
1198	0
1199	0
1200	0
1201	0
1202	0
1203	0
1204	0
1205	0
1206	0
1207	0
1208	0
1209	0
1210	0
1211	0
1212	0
1213	0
1214	0
1215	0
1216	0
1217	0
1218	0
1219	0
1220	0
1221	0
1222	0
1223	0
1224	0
1225	0
1226	0
1227	0
1228	0
1229	0
1230	0
1231	0
1232	0
1233	0
1234	0
1235	0
1236	0
1237	0
1238	0
1239	0
1240	0
1241	0
1242	0
1243	0
1244	0
1245	0
1246	0
1247	0
1248	0
1249	0
1250	0
1251	0
1252	0
1253	0
1254	0
1255	0
1256	0
1257	0
1258	0
1259	0
1260	0
1261	0
1262	0
1263	0
1264	0
1265	0
1266	0
1267	0
1268	0
1269	0
1270	0
1271	0
1272	0
1273	0
1274	0
1275	0
1276	0
1277	0
1278	0
1279	0
1280	0
1281	0
1282	0
1283	0
1284	0
1285	0
1286	0
1287	0
1288	0
1289	0
1290	0
1291	0
1292	0
1293	0
1294	0
1295	0
1296	0
1297	0
1298	0
1299	0
1300	0
1301	0
1302	0
1303	0
1304	0
1305	0
1306	0
1307	0
1308	0
1309	0
1310	0
1311	0
1312	0
1313	0
1314	0
1315	0
1316	0
1317	0
1318	0
1319	0
1320	0
1321	0
1322	0
1323	0
1324	0
1325	0
1326	0
1327	0
1328	0
1329	0
1330	0
1331	0
1332	0
1333	0
1334	0
1335	0
1336	0
1337	0
1338	0
1339	0
1340	0
1341	0
1342	0
1343	0
1344	0
1345	0
1346	0
1347	0
1348	0
1349	0
1350	0
1351	0
1352	0
1353	0
1354	0
1355	0
1356	0
1357	0
1358	0
1359	0
1360	0
1361	0
1362	0
1363	0
1364	0
1365	0
1366	0
1367	0
1368	0
1369	0
1370	0
1371	0
1372	0
1373	0
1374	0
1375	0
1376	0
1377	0
1378	0
1379	0
1380	0
1381	0
1382	0
1383	0
1384	0
1385	0
1386	0
1387	0
1388	0
1389	0
1390	0
1391	0
1392	0
1393	0
1394	0
1395	0
1396	0
1397	0
1398	0
1399	0
1400	0
1401	0
1402	0
1403	0
1404	0
1405	0
1406	0
1407	0
1408	0
1409	0
1410	0
1411	0
1412	0
1413	0
1414	0
1415	0
1416	0
1417	0
1418	0
1419	0
1420	0
1421	0
1422	0
1423	0
1424	0
1425	0
1426	0
1427	0
1428	0
1429	0
1430	0
1431	0
1432	0
1433	0
1434	0
1435	0
1436	0
1437	0
1438	0
1439	0
1440	0
1441	0
1442	0
1443	0
1444	0
1445	0
1446	0
1447	0
1448	0
1449	0
1450	0
1451	0
1452	0
1453	0
1454	0
1455	0
1456	0
1457	0
1458	0
1459	0
1460	0
1461	0
1462	0
1463	0
1464	0
1465	0
1466	0
1467	0
1468	0
1469	0
1470	0
1471	0
1472	0
1473	0
1474	0
1475	0
1476	0
1477	0
1478	0
1479	0
1480	0
1481	0
1482	0
1483	0
1484	0
1485	0
1486	0
1487	0
1488	0
1489	0
1490	0
1491	0
1492	0
1493	0
1494	0
1495	0
1496	0
1497	0
1498	0
1499	0
1500	0
